image_width: 640
image_height: 480
camera_name: 00b09d010081e00e_right
camera_matrix:
  rows: 3
  cols: 3
  data: [527.097994204051, 0, 315.352852628421, 0, 527.181638498509, 246.737503687198, 0, 0, 1]
distortion_model: plumb_bob
distortion_coefficients:
  rows: 1
  cols: 5
  data: [-0.351476662121675, 0.143529724514699, -0.000268290486874218, -0.000135312478946583, 0]
rectification_matrix:
  rows: 3
  cols: 3
  data: [0.999987950877573, -0.00414504481758813, -0.00262996257255059, 0.00414081105108315, 0.999990125540689, -0.00161322811668742, 0.00263662350593685, 0.00160231850062, 0.999995240384628]
projection_matrix:
  rows: 3
  cols: 4
  data: [489.928204488264, 0, 320.662975311279, -212.427395256047, 0, 489.928204488264, 250.518320083618, 0, 0, 0, 1, 0]