#%YAML:1.0
---
camera_name: MULTI_RGBD_INERTIAL_DATASET_LEFT
image_width: 640
image_height: 360
camera_matrix:
   rows: 3
   cols: 3
   data: [ 319.1506, 0., 321.8367, 0.,
       318.9474, 180.0959, 0., 0., 1. ]
distortion_coefficients:
   rows: 1
   cols: 4
   data: [ -0.0556, 0.0576, -0.0174, 0.0 ]
distortion_model: plumb_bob
rectification_matrix:
   rows: 3
   cols: 3
   data: [ 1, 0, 0, 
       0, 1, 0,
       0, 0, 1 ]
projection_matrix:
   rows: 3
   cols: 4
   data: [ 319.1506, 0., 321.8367, 0., 0.,
       318.9474, 180.0959, 0., 0., 0., 1.,
       0. ]
