%YAML:1.0
cameraMatrix: !!opencv-matrix
   rows: 3
   cols: 3
   dt: d
   data: [ 1035.409658, 0., 953.629091, 0., 1036.265896, 550.972045, 0., 0., 1. ]
distortionCoefficients: !!opencv-matrix
   rows: 1
   cols: 5
   dt: d
   data: [ 0.046857, -0.054802, 0.002446, -0.001013, 0. ]
rotation: !!opencv-matrix
   rows: 3
   cols: 3
   dt: d
   data: [ 1., 0., 0., 0., 1., 0., 0., 0., 1. ]
projection: !!opencv-matrix
   rows: 4
   cols: 4
   dt: d
   data: [ 1034.458862, 0., 949.608678, 0., 0., 1046.304565, 553.032416, 0., 0., 0., 1., 0., 0., 0., 0., 1. ]
